0000000000000000000000000000000000000000000000000000000000000000000000000000000000000000000000020000
0000000000000000000000000000000000000000000000000000000000000000000000000000000000000000000000020000
0000000000000000000000000000000000000000000000000000000000000000000000000000000000000000000000020000
0000000000000000000000000000000000000000000000000000000000000000000000000000000000000000000000020000
0000000000000000000000000000000000000000000000000000000000000000000000000000000000000000000000020000
0000000000000000000000000000000000000000000000000000000000000000000000000000000000000000000000020000
0000000000000000000000000000000000000000000000000000000000000000000000000000000000000000000000020000
0000000000000000000000000000000000000000000000000000000000000000000000000000000000000000000000020000
0000000000000000000000000000000000000000000000000000000000000000000000000000000000000000000000020000
0000000100000000000000000000000000000000000000000000000000000000000000000000000000000000000000020000
0000000100000000000000000000000000000000000000000000000000000000000000000000000000000000000000020000
0000000100000000000000000000000000000000000000000000000000000000000000000000000000000000000000020000
0000000100000000000000000000000000000000000000000000000000000000000000000000000000000000000000020000
0000000100000000000000000000000000000000000000000000000000000000000000000000000000000000000000020000
0000000000000000010000000000000000000000000000000000000000000000000000000000000000000000000000020000
0000000000000000010000000000000000000000000000000000000000000000000000000000000000000000000000020000
0000000000000000010000000000000000000000000000000000000000000000000000000000000000000000000000020000
0000000000000000010000000000000000000000000000000000000000000000000000000000000000000000000000020000
0000000000000000010000000000000000000000000000000000000000000000000000000000000000000000000000020000
0000000000000000000000000001000000000000000000000000000000000000000000000000000000000000000000020000
0000000000000000000000000001000000000000000000000000000000000000000000000000000000000000000000020000
0000000000000000000000000001000000000000000000000000000000000000000000000000000000000000000000020000
0000000000000000000000000001000000000000000000000000000000000000000000000000000000000000000000020000
0000000000000000000000000001000000000000000000000000000000000000000000000000000000000000000000020000
0000000000000000000000000000000000000100000000000000000000000000000000000000000000000000000000020000
0000000000000000000000000000000000000100000000000000000000000000000000000000000000000000000000020000
0000000000000000000000000000000000000100000000000000000000000000000000000000000000000000000000020000
0000000000000000000000000000000000000100000000000000000000000000000000000000000000000000000000020000
0000000000000000000000000000000000000100000000000000000000000000000000000000000000000000000000020000
0001000000000000000000000000000000000000000000010000000000000000000000000000000000000000000000020000
0001000000000000000000000000000000000000000000010000000000000000000000000000000000000000000000020000
0001000000000000000000000000000000000000000000010000000000000000000000000000000000000000000000020000
0001000000000000000000000000000000000000000000010000000000000000000000000000000000000000000000020000
0001000000000000000000000000000000000000000000010000000000000000000000000000000000000000000000020000
0000000000000100000000000000000000000000000000000000000001000000000000000000000000000000000000020000
0000000000000100000000000000000000000000000000000000000001000000000000000000000000000000000000020000
0000000000000100000000000000000000000000000000000000000001000000000000000000000000000000000000020000
0000000000000100000000000000000000000000000000000000000001000000000000000000000000000000000000020000
0000000000000000000000010000000000000000000000000000000000000000000100000000000000000000000000020000
0000000000000000000000010000000000000000000000000000000000000000000100000000000000000000000000020000
0000000000000000000000010000000000000000000000000000000000000000000100000000000000000000000000020000
0000000000000000000000010000000000000000000000000000000000000000000100000000000000000000000000020000
0000000000000000000000010000000000000000000000000000000000000000000100000000000000000000000000020000
0000000000000000000000000000000001000000000000000000000000000000000000000000010000000000000000020000
0000000000000000000000000000000001000000000000000000000000000000000000000000010000000000000000020000
0000000000000000000000000000000001000000000000000000000000000000000000000000010000000000000000020000
0000000000000000000000000000000001000000000000000000000000000000000000000000010000000000000000020000
0000000000000000000000000000000001000000000000000000000000000000000000000000010000000000000000020000
0000000000000000000000000000000000000000000100000000000000000000000000000000000000000001000000020000
0000000000000000000000000000000000000000000100000000000000000000000000000000000000000001000000020000
0000000000000000000000000000000000000000000100000000000000000000000000000000000000000001000000020000
0000000000000000000000000000000000000000000100000000000000000000000000000000000000000001000000020000
0000000000000000000000000000000000000000000000000000010000000000000000000000000000000000000000020100
0000000000000000000000000000000000000000000000000000010000000000000000000000000000000000000000020100
0000000000000000000000000000000000000000000000000000010000000000000000000000000000000000000000020100
0000000000000000000000000000000000000000000000000000010000000000000000000000000000000000000000020100
0000000000000000000000000000000000000000000000000000010000000000000000000000000000000000000000020100
0000000000000000000000000000000000000000000000000000000000000001000000000000000000000000000000020000
0000000000000000000000000000000000000000000000000000000000000001000000000000000000000000000000020000
0000000000000000000000000000000000000000000000000000000000000001000000000000000000000000000000020000
0000000000000000000000000000000000000000000000000000000000000001000000000000000000000000000000020000
0000000000000000000000000000000000000000000000000000000000000000000000000100000000000000000000020000
0000000000000000000000000000000000000000000000000000000000000000000000000100000000000000000000020000
0000000000000000000000000000000000000000000000000000000000000000000000000100000000000000000000020000
0000000000000000000000000000000000000000000000000000000000000000000000000100000000000000000000020000
0000000000000000000000000000000000000000000000000000000000000000000000000100000000000000000000020000
0000001010000000000000000000000000000000000000000000000000000000000000000000000000010000000000020000
0000001010000000000000000000000000000000000000000000000000000000000000000000000000010000000000020000
0000001010000000000000000000000000000000000000000000000000000000000000000000000000010000000000020000
0000001010000000000000000000000000000000000000000000000000000000000000000000000000010000000000020000
0000000000000000101000000000000000000000000000000000000000000000000000000000000000000000000001020000
0000000000000000101000000000000000000000000000000000000000000000000000000000000000000000000001020000
0000000000000000101000000000000000000000000000000000000000000000000000000000000000000000000001020000
0000000000000000101000000000000000000000000000000000000000000000000000000000000000000000000001020000
0000000000000000000000000010100000000000000000000000000000000000000000000000000000000000000000020000
0000000000000000000000000010100000000000000000000000000000000000000000000000000000000000000000020000
0000000000000000000000000010100000000000000000000000000000000000000000000000000000000000000000020000
0000000000000000000000000010100000000000000000000000000000000000000000000000000000000000000000020000
0000000000000000000000000010100000000000000000000000000000000000000000000000000000000000000000020000
0000000000000000000000000000000000001010000000000000000000000000000000000000000000000000000000020000
0000000000000000000000000000000000001010000000000000000000000000000000000000000000000000000000020000
0000000000000000000000000000000000001010000000000000000000000000000000000000000000000000000000020000
0000000000000000000000000000000000001010000000000000000000000000000000000000000000000000000000020000
0000010000000000000000000000000000000000000000101000000000000000000000000000000000000000000000020000
0000010000000000000000000000000000000000000000101000000000000000000000000000000000000000000000020000
0000010000000000000000000000000000000000000000101000000000000000000000000000000000000000000000020000
0000010000000000000000000000000000000000000000101000000000000000000000000000000000000000000000020000
0000000000000001000000000000000000000000000000000000000010100000000000000000000000000000000000020000
0000000000000001000000000000000000000000000000000000000010100000000000000000000000000000000000020000
0000000000000001000000000000000000000000000000000000000010100000000000000000000000000000000000020000
0000000000000001000000000000000000000000000000000000000010100000000000000000000000000000000000020000
0000000001000000000000000100000000000000000000000000000000000000001010000000000000000000000000020000
0000000001000000000000000100000000000000000000000000000000000000001010000000000000000000000000020000
0000000001000000000000000100000000000000000000000000000000000000001010000000000000000000000000020000
0000000001000000000000000100000000000000000000000000000000000000001010000000000000000000000000020000
0000000001000000000000000100000000000000000000000000000000000000001010000000000000000000000000020000
0000000000000000000100000000000000010000000000000000000000000000000000000000101000000000000000020000
0000000000000000000100000000000000010000000000000000000000000000000000000000101000000000000000020000
0000000000000000000100000000000000010000000000000000000000000000000000000000101000000000000000020000
0000000000000000000100000000000000010000000000000000000000000000000000000000101000000000000000020000
0000010000000000000000000000010000000000000001000000000000000000000000000000000000000010100000020000
0000010000000000000000000000010000000000000001000000000000000000000000000000000000000010100000020000
0000010000000000000000000000010000000000000001000000000000000000000000000000000000000010100000020000
0000010000000000000000000000010000000000000001000000000000000000000000000000000000000010100000020000
0000000000000001000000000000000000000001000000000000000100000000000000000000000000000000000000021010
0000000000000001000000000000000000000001000000000000000100000000000000000000000000000000000000021010
0000000000000001000000000000000000000001000000000000000100000000000000000000000000000000000000021010
0000000000000001000000000000000000000001000000000000000100000000000000000000000000000000000000021010
0000001100000000000000000100000000000000000000000100000000000000010000000000000000000000000000020000
0000001100000000000000000100000000000000000000000100000000000000010000000000000000000000000000200000
0000001100000000000000000100000000000000000000000100000000000000010000000000000000000000000000200000
0000001100000000000000000100000000000000000000000100000000000000010000000000000000000000000000200000
0000000000000000110000000000000000010000000000000000000000010000000000000001000000000000000000200000
0000000000000000110000000000000000010000000000000000000000010000000000000001000000000000000000200000
0000000000000000110000000000000000010000000000000000000000010000000000000001000000000000000000200000
0000000000000000110000000000000000010000000000000000000000010000000000000001000000000000000000200000
1000000000000000000000000011000000000000000001000000000000000000000001000000000000000100000000200000
1000000000000000000000000011000000000000000001000000000000000000000001000000000000000100000000200000
1000000000000000000000000011000000000000000001000000000000000000000001000000000000000100000000200000
0000000000100000000000000000000000001100000000000000000100000000000000000000000100000000000000210000
0000000000100000000000000000000000001100000000000000000100000000000000000000000100000000000000210000
0000000000100000000000000000000000001100000000000000000100000000000000000000000100000000000000210000
0000000000100000000000000000000000001100000000000000000100000000000000000000000100000000000000210000
0100010000000000000010000000000000000000000000110000000000000000010000000000000000000000010000200000
0100010000000000000010000000000000000000000000110000000000000000010000000000000000000000010000200000
0100010000000000000010000000000000000000000000110000000000000000010000000000000000000000010000200000
0100010000000000000010000000000000000000000000110000000000000000010000000000000000000000010000200000
0000000000010001000000000000001000000000000000000000000011000000000000000001000000000000000000200001
0000000000010001000000000000001000000000000000000000000011000000000000000001000000000000000000200001
0000000000010001000000000000001000000000000000000000000011000000000000000001000000000000000000200001
0000000000010001000000000000001000000000000000000000000011000000000000000001000000000000000000200001
0000000000000000000001000100000000000000100000000000000000000000001100000000000000000100000000200000
0000000000000000000001000100000000000000100000000000000000000000001100000000000000000100000000200000
0000000000000000000001000100000000000000100000000000000000000000001100000000000000000100000000200000
0000000000000000000001000100000000000000100000000000000000000000001100000000000000000100000000200000
0000000000000000000000000000000100010000000000000010000000000000000000000000110000000000000000210000
0000000000000000000000000000000100010000000000000010000000000000000000000000110000000000000000210000
0000000000000000000000000000000100010000000000000010000000000000000000000000110000000000000000210000
1000000000000000000000000000000000000000010001000000000000001000000000000000000000000011000000200000
1000000000000000000000000000000000000000010001000000000000001000000000000000000000000011000000200000
1000000000000000000000000000000000000000010001000000000000001000000000000000000000000011000000200000
1000000000000000000000000000000000000000010001000000000000001000000000000000000000000011000000200000
0000000000100000000000000000000000000000000000000001000100000000000000100000000000000000000000201100
0000000000100000000000000000000000000000000000000001000100000000000000100000000000000000000000201100
0000000000100000000000000000000000000000000000000001000100000000000000100000000000000000000000201100
0000000000100000000000000000000000000000000000000001000100000000000000100000000000000000000000201100
0000000000000000000010000000000000000000000000000000000000000100010000000000000010000000000000200000
0000000000000000000010000000000000000000000000000000000000000100010000000000000010000000000000200000
0000000000000000000010000000000000000000000000000000000000000100010000000000000010000000000000200000
0000000000000000000000000000001000000000000000000000000000000000000000010001000000000000001000200000
0000000000000000000000000000001000000000000000000000000000000000000000010001000000000000001000200000
0000000000000000000000000000001000000000000000000000000000000000000000010001000000000000001000200000
0000000000000000000000000000001000000000000000000000000000000000000000010001000000000000001000200000
1100000100000000000000000000000000000000100000000000000000000000000000000000000001000100000000200000
1100000100000000000000000000000000000000100000000000000000000000000000000000000001000100000000200000
1100000100000000000000000000000000000000100000000000000000000000000000000000000001000100000000200000
0000000000110000010000000000000000000000000000000010000000000000000000000000000000000000000100210000
0000000000110000010000000000000000000000000000000010000000000000000000000000000000000000000100210000
0000000000110000010000000000000000000000000000000010000000000000000000000000000000000000000100210000
0000000000110000010000000000000000000000000000000010000000000000000000000000000000000000000100210000
0101010000000000000011000001000000000000000000000000000000001000000000000000000000000000000000200000
0101010000000000000011000001000000000000000000000000000000001000000000000000000000000000000000200000
0101010000000000000011000001000000000000000000000000000000001000000000000000000000000000000000200000
0000000000010101000000000000001100000100000000000000000000000000000000100000000000000000000000200000
0000000000010101000000000000001100000100000000000000000000000000000000100000000000000000000000200000
0000000000010101000000000000001100000100000000000000000000000000000000100000000000000000000000200000
0000000000010101000000000000001100000100000000000000000000000000000000100000000000000000000000200000
0100000000000000000001010100000000000000110000010000000000000000000000000000000010000000000000200000
0100000000000000000001010100000000000000110000010000000000000000000000000000000010000000000000200000
0100000000000000000001010100000000000000110000010000000000000000000000000000000010000000000000200000
0000000000010000000000000000000101010000000000000011000001000000000000000000000000000000001000200000
0000000000010000000000000000000101010000000000000011000001000000000000000000000000000000001000200000
0000000000010000000000000000000101010000000000000011000001000000000000000000000000000000001000200000
0010000000000000000001000000000000000000010101000000000000001100000100000000000000000000000000200000
0010000000000000000001000000000000000000010101000000000000001100000100000000000000000000000000200000
0010000000000000000001000000000000000000010101000000000000001100000100000000000000000000000000200000
0010000000000000000001000000000000000000010101000000000000001100000100000000000000000000000000200000
0000000000001000000000000000000100000000000000000001010100000000000000110000010000000000000000200000
0000000000001000000000000000000100000000000000000001010100000000000000110000010000000000000000200000
0000000000001000000000000000000100000000000000000001010100000000000000110000010000000000000000200000
0000000000000000000000100000000000000000010000000000000000000101010000000000000011000001000000200000
0000000000000000000000100000000000000000010000000000000000000101010000000000000011000001000000200000
0000000000000000000000100000000000000000010000000000000000000101010000000000000011000001000000200000
0000000000000000000000000000000010000000000000000001000000000000000000010101000000000000001100200100
0000000000000000000000000000000010000000000000000001000000000000000000010101000000000000001100200100
0000000000000000000000000000000010000000000000000001000000000000000000010101000000000000001100200100
0000000100000000000000000000000000000000001000000000000000000100000000000000000001010100000000200000
0000000100000000000000000000000000000000001000000000000000000100000000000000000001010100000000200000
0000000100000000000000000000000000000000001000000000000000000100000000000000000001010100000000200000
0000000000000000010000000000000000000000000000000000100000000000000000010000000000000000000101210000
0000000000000000010000000000000000000000000000000000100000000000000000010000000000000000000101210000
0000000000000000010000000000000000000000000000000000100000000000000000010000000000000000000101210000
0000000000000000010000000000000000000000000000000000100000000000000000010000000000000000000101210000
0010001000000000000000000001000000000000000000000000000000000010000000000000000001000000000000200000
0010001000000000000000000001000000000000000000000000000000000010000000000000000001000000000000200000
0010001000000000000000000001000000000000000000000000000000000010000000000000000001000000000000200000
0000000000001000100000000000000000000100000000000000000000000000000000001000000000000000000100200000
0000000000001000100000000000000000000100000000000000000000000000000000001000000000000000000100200000
0000000000001000100000000000000000000100000000000000000000000000000000001000000000000000000100200000
0100000000000000000000100010000000000000000000010000000000000000000000000000000000100000000000200000
0100000000000000000000100010000000000000000000010000000000000000000000000000000000100000000000200000
0100000000000000000000100010000000000000000000010000000000000000000000000000000000100000000000200000
0000000000010000000000000000000010001000000000000000000001000000000000000000000000000000000010200000
0000000000010000000000000000000010001000000000000000000001000000000000000000000000000000000010200000
0000000000010000000000000000000010001000000000000000000001000000000000000000000000000000000010200000
1000100000000000000001000000000000000000001000100000000000000000000100000000000000000000000000200000
1000100000000000000001000000000000000000001000100000000000000000000100000000000000000000000000200000
1000100000000000000001000000000000000000001000100000000000000000000100000000000000000000000000200000
0000000000100010000000000000000100000000000000000000100010000000000000000000010000000000000000200000
0000000000100010000000000000000100000000000000000000100010000000000000000000010000000000000000200000
0000000000100010000000000000000100000000000000000000100010000000000000000000010000000000000000200000
0000000000000000000010001000000000000000010000000000000000000010001000000000000000000001000000200000
0000000000000000000010001000000000000000010000000000000000000010001000000000000000000001000000200000
0000000000000000000010001000000000000000010000000000000000000010001000000000000000000001000000200000
0000000000000000000000000000001000100000000000000001000000000000000000001000100000000000000000200100
0000000000000000000000000000001000100000000000000001000000000000000000001000100000000000000000200100
0000000000000000000000000000001000100000000000000001000000000000000000001000100000000000000000200100
0000010000000000000000000000000000000000100010000000000000000100000000000000000000100010000000200000
0000010000000000000000000000000000000000100010000000000000000100000000000000000000100010000000200000
0000010000000000000000000000000000000000100010000000000000000100000000000000000000100010000000200000
0000000000000001000000000000000000000000000000000010001000000000000000010000000000000000000010201000
0000000000000001000000000000000000000000000000000010001000000000000000010000000000000000000010201000
0010000100000000000000000100000000000000000000000000000000001000100000000000000001000000000000200000
0010000100000000000000000100000000000000000000000000000000001000100000000000000001000000000002000000
0010000100000000000000000100000000000000000000000000000000001000100000000000000001000000000002000000
0000000000001000010000000000000000010000000000000000000000000000000000100010000000000000000102000000
0000000000001000010000000000000000010000000000000000000000000000000000100010000000000000000102000000
0000000000001000010000000000000000010000000000000000000000000000000000100010000000000000000102000000
1001000001000000000000100001000000000000000001000000000000000000000000000000000010001000000002000000
1001000001000000000000100001000000000000000001000000000000000000000000000000000010001000000002000000
1001000001000000000000100001000000000000000001000000000000000000000000000000000010001000000002000000
0000000000100100000100000000000010000100000000000000000100000000000000000000000000000000001002100000
0000000000100100000100000000000010000100000000000000000100000000000000000000000000000000001002100000
0000000000000000000010010000010000000000001000010000000000000000010000000000000000000000000002000000
0000000000000000000010010000010000000000001000010000000000000000010000000000000000000000000002000000
0000000000000000000010010000010000000000001000010000000000000000010000000000000000000000000002000000
0000000000000000000000000000001001000001000000000000100001000000000000000001000000000000000002000000
0000000000000000000000000000001001000001000000000000100001000000000000000001000000000000000002000000
0000000000000000000000000000001001000001000000000000100001000000000000000001000000000000000002000000
0000000000000000000000000000000000000000100100000100000000000010000100000000000000000100000002000000
0000000000000000000000000000000000000000100100000100000000000010000100000000000000000100000002000000
0000000000000000000000000000000000000000100100000100000000000010000100000000000000000100000002000000
0000000000000000000000000000000000000000000000000010010000010000000000001000010000000000000002010000
0000000000000000000000000000000000000000000000000010010000010000000000001000010000000000000002010000
0001100001000000000000000000000000000000000000000000000000001001000001000000000000100001000002000000
0001100001000000000000000000000000000000000000000000000000001001000001000000000000100001000000200000
0001100001000000000000000000000000000000000000000000000000001001000001000000000000100001000000200000
0000000000000110000100000000000000000000000000000000000000000000000000100100000100000000000010200100
0000000000000110000100000000000000000000000000000000000000000000000000100100000100000000000010200100
0000000000000000000000011000010000000000000000000000000000000000000000000000000010010000010000200000
0000000000000000000000011000010000000000000000000000000000000000000000000000000010010000010000200000
0000000000000000000000011000010000000000000000000000000000000000000000000000000010010000010000200000
0000000000000000000000000000000001100001000000000000000000000000000000000000000000000000001001200001
0000000000000000000000000000000001100001000000000000000000000000000000000000000000000000001001200001
1000100000000000000000000000000000000000000110000100000000000000000000000000000000000000000000200000
1000100000000000000000000000000000000000000110000100000000000000000000000000000000000000000000200000
1000100000000000000000000000000000000000000110000100000000000000000000000000000000000000000000200000
0000000000100010000000000000000000000000000000000000011000010000000000000000000000000000000000200000
0000000000100010000000000000000000000000000000000000011000010000000000000000000000000000000000200000
0000000000000000000010001000000000000000000000000000000000000001100001000000000000000000000000200000
0000000000000000000010001000000000000000000000000000000000000001100001000000000000000000000000020000
0000000000000000000010001000000000000000000000000000000000000001100001000000000000000000000000020000
0000000000000000000000000000001000100000000000000000000000000000000000000110000100000000000000020000
0000000000000000000000000000001000100000000000000000000000000000000000000110000100000000000000020000
0000000100000000000000000000000000000000100010000000000000000000000000000000000000011000010000020000
0000000100000000000000000000000000000000100010000000000000000000000000000000000000011000010000020000
0000000100000000000000000000000000000000100010000000000000000000000000000000000000011000010000020000
0000000000000000010000000000000000000000000000000010001000000000000000000000000000000000000001120001
0000000000000000010000000000000000000000000000000010001000000000000000000000000000000000000001120001
0000000000000000000000000001000000000000000000000000000000001000100000000000000000000000000000020000
0000000000000000000000000001000000000000000000000000000000001000100000000000000000000000000000020000
0000000000000000000000000000000000000100000000000000000000000000000000100010000000000000000000020000
0000000000000000000000000000000000000100000000000000000000000000000000100010000000000000000000020000
0000000000000000000000000000000000000100000000000000000000000000000000100010000000000000000000020000
0000100010000000000000000000000000000000000000010000000000000000000000000000000010001000000000020000
0000100010000000000000000000000000000000000000010000000000000000000000000000000010001000000000020000
0000000000000010001000000000000000000000000000000000000001000000000000000000000000000000001000120000
0000000000000010001000000000000000000000000000000000000001000000000000000000000000000000001000120000
0000000010000000000000001000100000000000000000000000000000000000000100000000000000000000000000020000
0000000010000000000000001000100000000000000000000000000000000000000100000000000000000000000000020000
0000000010000000000000001000100000000000000000000000000000000000000100000000000000000000000000020000
0000000000000000001000000000000000100010000000000000000000000000000000000000010000000000000000020000
0000000000000000001000000000000000100010000000000000000000000000000000000000010000000000000000020000
0000000000000000000000000000100000000000000010001000000000000000000000000000000000000001000000020000
0000000000000000000000000000100000000000000010001000000000000000000000000000000000000001000000020000
0000000000000000000000000000000000000010000000000000001000100000000000000000000000000000000000020100
0000000000000000000000000000000000000010000000000000001000100000000000000000000000000000000000020100
0001001000000000000000000000000000000000000000001000000000000000100010000000000000000000000000020000
0001001000000000000000000000000000000000000000001000000000000000100010000000000000000000000000020000
0000000000000100100000000000000000000000000000000000000000100000000000000010001000000000000000020000
0000000000000100100000000000000000000000000000000000000000100000000000000010001000000000000000020000
0000000000000100100000000000000000000000000000000000000000100000000000000010001000000000000000020000
0000000000000000000000010010000000000000000000000000000000000000000010000000000000001000100000020000
0000000000000000000000010010000000000000000000000000000000000000000010000000000000001000100000020000
0000000000000000000000000000000001001000000000000000000000000000000000000000001000000000000000120010
0000000000000000000000000000000001001000000000000000000000000000000000000000001000000000000000120010
1000000000000000000000000000000000000000000100100000000000000000000000000000000000000000100000020000
1000000000000000000000000000000000000000000100100000000000000000000000000000000000000000100000020000
0000000000100000000000000000000000000000000000000000010010000000000000000000000000000000000000020010
0000000000100000000000000000000000000000000000000000010010000000000000000000000000000000000000020010
0000000000000000000010000000000000000000000000000000000000000001001000000000000000000000000000020000
0000000000000000000010000000000000000000000000000000000000000001001000000000000000000000000000020000
0000000000000000000000000000001000000000000000000000000000000000000000000100100000000000000000020000
0000000000000000000000000000001000000000000000000000000000000000000000000100100000000000000000020000
0000001100000000000000000000000000000000100000000000000000000000000000000000000000010010000000020000
0000001100000000000000000000000000000000100000000000000000000000000000000000000000010010000000020000
0000000000000000110000000000000000000000000000000010000000000000000000000000000000000000000001021000
0000000000000000110000000000000000000000000000000010000000000000000000000000000000000000000001021000
0000100000000000000000000011000000000000000000000000000000001000000000000000000000000000000000020000
0000100000000000000000000011000000000000000000000000000000001000000000000000000000000000000000020000
0000000000000010000000000000000000001100000000000000000000000000000000100000000000000000000000020000
0000000000000010000000000000000000001100000000000000000000000000000000100000000000000000000000020000
0000000000000000000000001000000000000000000000110000000000000000000000000000000010000000000000020000
0000000000000000000000001000000000000000000000110000000000000000000000000000000010000000000000020000
0000000000000000000000000000000000100000000000000000000011000000000000000000000000000000001000020000
0000000000000000000000000000000000100000000000000000000011000000000000000000000000000000001000020000
0000000000000000000000000000000000000000000010000000000000000000001100000000000000000000000000020000
0000000000000000000000000000000000000000000010000000000000000000001100000000000000000000000000020000
0000000000000000000000000000000000000000000000000000001000000000000000000000110000000000000000020000
1010000010000000000000000000000000000000000000000000000000000000100000000000000000000011000000020000
1010000010000000000000000000000000000000000000000000000000000000100000000000000000000011000000020000
0000000000101000001000000000000000000000000000000000000000000000000000000010000000000000000000021100
0000000000101000001000000000000000000000000000000000000000000000000000000010000000000000000000021100
0010000000000000000010100000100000000000000000000000000000000000000000000000000000001000000000020000
0010000000000000000010100000100000000000000000000000000000000000000000000000000000001000000000020000
0000000000001000000000000000001010000010000000000000000000000000000000000000000000000000000000120000
0000000000001000000000000000001010000010000000000000000000000000000000000000000000000000000000120000
0000100100000000000000100000000000000000101000001000000000000000000000000000000000000000000000020000
0000000000000010010000000000000010000000000000000010100000100000000000000000000000000000000000020000
0000000000000010010000000000000010000000000000000010100000100000000000000000000000000000000000020000
0000000000000000000000001001000000000000001000000000000000001010000010000000000000000000000000020000
0000000000000000000000001001000000000000001000000000000000001010000010000000000000000000000000020000
0000000000000000000000000000000000100100000000000000100000000000000000101000001000000000000000020000
0000000000000000000000000000000000100100000000000000100000000000000000101000001000000000000000020000
0010000001000000000000000000000000000000000010010000000000000010000000000000000010100000100000020000
0000000000001000000100000000000000000000000000000000001001000000000000001000000000000000001010020010
0000000000001000000100000000000000000000000000000000001001000000000000001000000000000000001010020010
1000000000000000000000100000010000000000000000000000000000000000100100000000000000100000000000020000
1000000000000000000000100000010000000000000000000000000000000000100100000000000000100000000000020000
0000000000100000000000000000000010000001000000000000000000000000000000000010010000000000000010020000
0000000000000000000010000000000000000000001000000100000000000000000000000000000000001001000000020000
0000000000000000000010000000000000000000001000000100000000000000000000000000000000001001000000020000
0000000000000000000000000000001000000000000000000000100000010000000000000000000000000000000000120100
0000000000000000000000000000001000000000000000000000100000010000000000000000000000000000000000120100
0000000001000000000000000000000000000000100000000000000000000010000001000000000000000000000000020000
0000000000000000000100000000000000000000000000000010000000000000000000001000000100000000000000020000
0000000000000000000100000000000000000000000000000010000000000000000000001000000100000000000000020000
0000011000000000000000000000010000000000000000000000000000001000000000000000000000100000010000020000
0000000000000001100000000000000000000001000000000000000000000000000000100000000000000000000010020001
0000000000000001100000000000000000000001000000000000000000000000000000100000000000000000000010020001
0000000000000000000000000110000000000000000000000100000000000000000000000000000010000000000000020000
0000000000000000000000000110000000000000000000000100000000000000000000000000000010000000000000020000
0000000000000000000000000000000000011000000000000000000000010000000000000000000000000000001000020000
0001000001000000000000000000000000000000000001100000000000000000000001000000000000000000000000020000
0001000001000000000000000000000000000000000001100000000000000000000001000000000000000000000000020000
0000000000000100000100000000000000000000000000000000000110000000000000000000000100000000000000020000
0000000000000000000000010000010000000000000000000000000000000000011000000000000000000000010000020000
0000000000000000000000010000010000000000000000000000000000000000011000000000000000000000010000200000
0000000000000000000000000000000001000001000000000000000000000000000000000001100000000000000000200001
0000001010000000000000000000000000000000000100000100000000000000000000000000000000000110000000200000
0000001010000000000000000000000000000000000100000100000000000000000000000000000000000110000000200000
0000000000000000101000000000000000000000000000000000010000010000000000000000000000000000000000211000
0001000000000000000000000010100000000000000000000000000000000001000001000000000000000000000000200000
0000000000000100000000000000000000001010000000000000000000000000000000000100000100000000000000200000
0000000000000100000000000000000000001010000000000000000000000000000000000100000100000000000000200000
0000000000000000000000010000000000000000000000101000000000000000000000000000000000010000010000200000
0000000000000000000000000000000001000000000000000000000010100000000000000000000000000000000001200001
0000000000000000000000000000000001000000000000000000000010100000000000000000000000000000000001200001
0000000000000000000000000000000000000000000100000000000000000000001010000000000000000000000000200000
0000000000000000000000000000000000000000000000000000010000000000000000000000101000000000000000200000
0000000000000000000000000000000000000000000000000000000000000001000000000000000000000010100000200000
0000000000000000000000000000000000000000000000000000000000000001000000000000000000000010100000200000
0000000000000000000000000000000000000000000000000000000000000000000000000100000000000000000000201010
0000000100000000000000000000000000000000000000000000000000000000000000000000000000010000000000200000
0000000000000000010000000000000000000000000000000000000000000000000000000000000000000000000001200000
0000000000000000010000000000000000000000000000000000000000000000000000000000000000000000000001200000
0000000000000000000000000001000000000000000000000000000000000000000000000000000000000000000000200000
0000000000000000000000000000000000000100000000000000000000000000000000000000000000000000000000200000
1000000010000000000000000000000000000000000000010000000000000000000000000000000000000000000000200000
0000000000100000001000000000000000000000000000000000000001000000000000000000000000000000000000200000
0000000000100000001000000000000000000000000000000000000001000000000000000000000000000000000000200000
0000010000000000000010000000100000000000000000000000000000000000000100000000000000000000000000200000
0000000000000001000000000000001000000010000000000000000000000000000000000000010000000000000000200000
1100000000000000000000000100000000000000100000001000000000000000000000000000000000000001000000200000
0000000000110000000000000000000000010000000000000010000000100000000000000000000000000000000000200100
0010000100000000000011000000000000000000000001000000000000001000000010000000000000000000000000200000
0010000100000000000011000000000000000000000001000000000000001000000010000000000000000000000000200000
0000000000001000010000000000001100000000000000000000000100000000000000100000001000000000000000200000
0100000000000000000000100001000000000000110000000000000000000000010000000000000010000000100000200000
0000000000010000000000000000000010000100000000000011000000000000000000000001000000000000001000200010
0000001000000000000001000000000000000000001000010000000000001100000000000000000000000100000000200000
0000000000000000100000000000000100000000000000000000100001000000000000110000000000000000000000210000
0001000000000000000000000010000000000000010000000000000000000010000100000000000011000000000000200000
0001000000000000000000000010000000000000010000000000000000000010000100000000000011000000000000200000
0000000000000100000000000000000000001000000000000001000000000000000000001000010000000000001100200000
0000000000000000000000010000000000000000000000100000000000000100000000000000000000100001000000200000
0000000000000000000000000000000001000000000000000000000010000000000000010000000000000000000010200100
0001000000000000000000000000000000000000000100000000000000000000001000000000000001000000000000200000
0000000000000100000000000000000000000000000000000000010000000000000000000000100000000000000100200000
0000000001000000000000010000000000000000000000000000000000000001000000000000000000000010000000200000
0000000000000000000100000000000001000000000000000000000000000000000000000100000000000000000000201000
0000000100000000000000000000010000000000000100000000000000000000000000000000000000010000000000200000
0000000000000000010000000000000000000001000000000000010000000000000000000000000000000000000001200000
0000000010000000000000000001000000000000000000000100000000000001000000000000000000000000000000200000
0000000000000000001000000000000000000100000000000000000000010000000000000100000000000000000000200000
0000000100000000000000000000100000000000000000010000000000000000000001000000000000010000000000200000
0000000000000000010000000000000000000010000000000000000001000000000000000000000100000000000001200000
0000000000000000000000000001000000000000000000001000000000000000000100000000000000000000010000200000
0000000000000000000000000000000000000100000000000000000000100000000000000000010000000000000000200001
0000000000000000000000000000000000000000000000010000000000000000000010000000000000000001000000200000
0000000000000000000000000000000000000000000000000000000001000000000000000000001000000000000000200100
0000000000000000000000000000000000000000000000000000000000000000000100000000000000000000100000200000
0000000000000000000000000000000000000000000000000000000000000000000000000000010000000000000000200010
0000000000000000000000000000000000000000000000000000000000000000000000000000000000000001000000200000
0000000000000000000000000000000000000000000000000000000000000000000000000000000000000000000000200100
0000000010000000000000000000000000000000000000000000000000000000000000000000000000000000000000200000
0000000000000000001000000000000000000000000000000000000000000000000000000000000000000000000000200000
0000000000000000000000000000100000000000000000000000000000000000000000000000000000000000000000200000
0000000000000000000000000000000000000010000000000000000000000000000000000000000000000000000000200000
0000010000000000000000000000000000000000000000001000000000000000000000000000000000000000000000200000
0000000000000001000000000000000000000000000000000000000000100000000000000000000000000000000000200000
0000000010000000000000000100000000000000000000000000000000000000000010000000000000000000000000200000
0000000000000000001000000000000000010000000000000000000000000000000000000000001000000000000000200000
0000000000000000000000000000100000000000000001000000000000000000000000000000000000000000100000200000
0000000000000000000000000000000000000010000000000000000100000000000000000000000000000000000000200010
0010000000000000000000000000000000000000000000001000000000000000010000000000000000000000000000200000
0000000000001000000000000000000000000000000000000000000000100000000000000001000000000000000000200000
1000000000000000000000100000000000000000000000000000000000000000000010000000000000000100000000200000
0000000000100000000000000000000010000000000000000000000000000000000000000000001000000000000000210000
0000100000000000000010000000000000000000001000000000000000000000000000000000000000000000100000200000
0000000000000010000000000000001000000000000000000000100000000000000000000000000000000000000000200010
0000001000000000000000001000000000000000100000000000000000000010000000000000000000000000000000200000
0000000000000000100000000000000000100000000000000010000000000000000000001000000000000000000000200000
1000000010000000000000000010000000000000000010000000000000001000000000000000000000100000000000200000
0000000000100000001000000000000000001000000000000000001000000000000000100000000000000000000010200000
0000000000000000000010000000100000000000000000100000000000000000100000000000000010000000000000200000
0000000000000000000000000000001000000010000000000000000010000000000000000010000000000000001002000000
0100000000000000000000000000000000000000100000001000000000000000001000000000000000001000000002000000
0000000000010000000000000000000000000000000000000010000000100000000000000000100000000000000002100000
0000011000000000000001000000000000000000000000000000000000001000000010000000000000000010000002000000
0000000000000001100000000000000100000000000000000000000000000000000000100000001000000000000002001000
0000000000000000000000000110000000000000010000000000000000000000000000000000000010000000100002000000
0000000000000000000000000000000000011000000000000001000000000000000000000000000000000000001002000010
0100000000000000000000000000000000000000000001100000000000000100000000000000000000000000000002000000
0000000000010000000000000000000000000000000000000000000110000000000000010000000000000000000002000000
0000000000000000000001000000000000000000000000000000000000000000011000000000000001000000000002000000
0000000000000000000000000000000100000000000000000000000000000000000000000001100000000000000102000000
1000000010000000000000000000000000000000010000000000000000000000000000000000000000000110000002000000
0000000000100000001000000000000000000000000000000001000000000000000000000000000000000000000002011000
0000000000000000000010000000100000000000000000000000000000000100000000000000000000000000000002000000
0000000000000000000000000000001000000010000000000000000000000000000000010000000000000000000002000000
1000110000000000000000000000000000000000100000001000000000000000000000000000000001000000000002000000
0000000000100011000000000000000000000000000000000010000000100000000000000000000000000000000102000000
0000000000000000000010001100000000000000000000000000000000001000000010000000000000000000000002000000
0000000000000000000000000000001000110000000000000000000000000000000000100000001000000000000002000000
0001000000000000000000000000000000000000100011000000000000000000000000000000000010000000100002000000
0000000000000100000000000000000000000000000000000010001100000000000000000000000000000000001002000010
0100000000000000000000010000000000000000000000000000000000001000110000000000000000000000000002000000
0000000000010000000000000000000001000000000000000000000000000000000000100011000000000000000002000000
0000000100000000000001000000000000000000000100000000000000000000000000000000000010001100000002000000
0000000000000000010000000000000100000000000000000000010000000000000000000000000000000000001002110000
1000000000000000000000000001000000000000010000000000000000000001000000000000000000000000000002000000
0000000000100000000000000000000000000100000000000001000000000000000000000100000000000000000020000000
0000000010000000000010000000000000000000000000010000000000000100000000000000000000010000000020000000
0000000000000000001000000000001000000000000000000000000001000000000000010000000000000000000021000000
0000000000000000000000000000100000000000100000000000000000000000000100000000000001000000000020000000
0000000000000000000000000000000000000010000000000010000000000000000000000000010000000000000120000000
1000000001000000000000000000000000000000000000001000000000001000000000000000000000000001000020000000
0000000000100000000100000000000000000000000000000000000000100000000000100000000000000000000020000100
0000000100000000000010000000010000000000000000000000000000000000000010000000000010000000000020000000
0000000000000000010000000000001000000001000000000000000000000000000000000000001000000000001020000000
0000000000000000000000000001000000000000100000000100000000000000000000000000000000000000100020000000
0000000000000000000000000000000000000100000000000010000000010000000000000000000000000000000020000010
0000000000000000000000000000000000000000000000010000000000001000000001000000000000000000000020000000
0000000000000000000000000000000000000000000000000000000001000000000000100000000100000000000020000000
0001000000000000000000000000000000000000000000000000000000000000000100000000000010000000010020000000
0000000000000100000000000000000000000000000000000000000000000000000000000000010000000000001020000001
0000001000000000000000010000000000000000000000000000000000000000000000000000000000000001000020000000
0000000000000000100000000000000001000000000000000000000000000000000000000000000000000000000020000100
1000001000000000000000000010000000000000000100000000000000000000000000000000000000000000000020000000
0000000000100000100000000000000000001000000000000000010000000000000000000000000000000000000020000000
0000000010000000000010000010000000000000000000100000000000000001000000000000000000000000000020000000
0000000000000000001000000000001000001000000000000000000010000000000000000100000000000000000020000000
0000100000000000000000000000100000000000100000100000000000000000001000000000000000010000000020000000
0000000000000010000000000000000000000010000000000010000010000000000000000000100000000000000021000000
0000000000000000000000001000000000000000000000001000000000001000001000000000000000000010000020000000
0000000000000000000000000000000000100000000000000000000000100000000000100000100000000000000020001000
0000000110000000000000000000000000000000000010000000000000000000000010000000000010000010000020000000
0000000000000000011000000000000000000000000000000000001000000000000000000000001000000000001020001000
0000000011000000000000000001100000000000000000000000000000000000100000000000000000000000100020000000
0000000000000000001100000000000000000110000000000000000000000000000000000010000000000000000020000010
0000000000000000000000000000110000000000000000011000000000000000000000000000000000001000000020000000
0000000000000000000000000000000000000011000000000000000001100000000000000000000000000000000020100000
0010000010000000000000000000000000000000000000001100000000000000000110000000000000000000000020000000
0000000000001000001000000000000000000000000000000000000000110000000000000000011000000000000020000000
0000000100000000000000100000100000000000000000000000000000000000000011000000000000000001100020000000
0000000000000000010000000000000010000010000000000000000000000000000000000000001100000000000020000110
0000001000000000000000000001000000000000001000001000000000000000000000000000000000000000110020000000
0000000000000000100000000000000000000100000000000000100000100000000000000000000000000000000020000011
0011000000000000000000000010000000000000000000010000000000000010000010000000000000000000000020000000
0000000000001100000000000000000000001000000000000000000001000000000000001000001000000000000200000000
0000000000000000000000110000000000000000000000100000000000000000000100000000000000100000100200000000
0000000000000000000000000000000011000000000000000000000010000000000000000000010000000000000210000010
0000000000000000000000000000000000000000001100000000000000000000001000000000000000000001000200000000
0000000000000000000000000000000000000000000000000000110000000000000000000000100000000000000200000100
0000000000000000000000000000000000000000000000000000000000000011000000000000000000000010000200000000
0000000000000000000000000000000000000000000000000000000000000000000000001100000000000000000200001000
0000000000000000000000000000000000000000000000000000000000000000000000000000000000110000000200000000
0000000000000000000000000000000000000000000000000000000000000000000000000000000000000000000211000000
0001000000000000000000000000000000000000000000000000000000000000000000000000000000000000000200000000
0000000000000100000000000000000000000000000000000000000000000000000000000000000000000000000200000000
0000010001000000000000010000000000000000000000000000000000000000000000000000000000000000000200000000
0000000000000001000100000000000001000000000000000000000000000000000000000000000000000000000200000000
0000000000000000000000000100010000000000000100000000000000000000000000000000000000000000000200000000
0000000000000000000000000000000000010001000000000000010000000000000000000000000000000000000200000000
0000000001000000000000000000000000000000000001000100000000000001000000000000000000000000000200000000
0000000000000000000100000000000000000000000000000000000100010000000000000100000000000000000200000000
1000000000000000000000000000010000000000000000000000000000000000010001000000000000010000000200000000
0000000000100000000000000000000000000001000000000000000000000000000000000001000100000000000201000000
0000010000000000000010000000000000000000000000000100000000000000000000000000000000000100010200000000
0000000000000001000000000000001000000000000000000000000000010000000000000000000000000000000200010001
0101000100000000000000000100000000000000100000000000000000000000000001000000000000000000000200000000
0000000000010100010000000000000000010000000000000010000000000000000000000000000100000000000200000000
1000000100000000000001010001000000000000000001000000000000001000000000000000000000000000010200000000
0000000000100000010000000000000101000100000000000000000100000000000000100000000000000000000200000001
0000010000000000000010000001000000000000010100010000000000000000010000000000000010000000000200000000
0000000000000001000000000000001000000100000000000001010001000000000000000001000000000000001200000000
0000100000000000000000000100000000000000100000010000000000000101000100000000000000000100000200000000
0000000000000010000000000000000000010000000000000010000001000000000000010100010000000000002000010000
0000000010000000000000001000000000000000000001000000000000001000000100000000000001010001002000000000
0000000000000000001000000000000000100000000000000000000100000000000000100000010000000000000201000100
0000000000000000000000000000100000000000000010000000000000000000010000000000000010000001000200000000
0000000000000000000000000000000000000010000000000000001000000000000000000001000000000000001200000100
0010000000000000000000000000000000000000000000001000000000000000100000000000000000000100000200000000
0000000000001000000000000000000000000000000000000000000000100000000000000010000000000000000200010000
1000010010000000000000100000000000000000000000000000000000000000000010000000000000001000000200000000
0000000000100001001000000000000010000000000000000000000000000000000000000000001000000000000200100000
0000000000000000000010000100100000000000001000000000000000000000000000000000000000000000100200000000
0000000000000000000000000000001000010010000000000000100000000000000000000000000000000000000200000010
0000000000000000000000000000000000000000100001001000000000000010000000000000000000000000000200000000
0000000000000000000000000000000000000000000000000010000100100000000000001000000000000000000200000000
0000110100000000000000000000000000000000000000000000000000001000010010000000000000100000000200000000
0000000000000011010000000000000000000000000000000000000000000000000000100001001000000000000210000000
1100000000000000000000001101000000000000000000000000000000000000000000000000000010000100100200000000
0000000000110000000000000000000000110100000000000000000000000000000000000000000000000000001200010010
1000010000000000000011000000000000000000000011010000000000000000000000000000000000000000000200000000
0000000000100001000000000000001100000000000000000000001101000000000000000000000000000000000200000000
0001000000000000000010000100000000000000110000000000000000000000110100000000000000000000000200000000
0000000000000100000000000000001000010000000000000011000000000000000000000011010000000000000200000000
0000000000000000000000010000000000000000100001000000000000001100000000000000000000001101000200000000
0000000000000000000000000000000001000000000000000010000100000000000000110000000000000000000020110100
0000010000000000000000000000000000000000000100000000000000001000010000000000000011000000000020000000
0000000000000001000000000000000000000000000000000000010000000000000000100001000000000000001120000000
0000000000000000000000000100000000000000000000000000000000000001000000000000000010000100000020000000
0000000000000000000000000000000000010000000000000000000000000000000000000100000000000000001020010000
1000000000000000000000000000000000000000000001000000000000000000000000000000000000010000000020000000
0000000000100000000000000000000000000000000000000000000100000000000000000000000000000000000021000000
0000000000000000000010000000000000000000000000000000000000000000010000000000000000000000000020000000
0000000000000000000000000000001000000000000000000000000000000000000000000001000000000000000020000000
1000000000000000000000000000000000000000100000000000000000000000000000000000000000000100000020000000
0000000000100000000000000000000000000000000000000010000000000000000000000000000000000000000020010000
0000000000000000000010000000000000000000000000000000000000001000000000000000000000000000000020000000
0000000000000000000000000000001000000000000000000000000000000000000000100000000000000000000020000000
0000001010000000000000000000000000000000100000000000000000000000000000000000000010000000000020000000
0000000000000000101000000000000000000000000000000010000000000000000000000000000000000000001020000000
0010000000000000000000000010100000000000000000000000000000001000000000000000000000000000000020000000
0000000000001000000000000000000000001010000000000000000000000000000000100000000000000000000020000000
0110000000000000000000100000000000000000000000101000000000000000000000000000000010000000000020000000
0000000000011000000000000000000010000000000000000000000010100000000000000000000000000000001020000000
0000001100000000000001100000000000000000001000000000000000000000001010000000000000000000000020000000
0000000000000000110000000000000110000000000000000000100000000000000000000000101000000000000020000000
0000001001000000000000000011000000000000011000000000000000000010000000000000000000000010100020000000
0000000000000000100100000000000000001100000000000001100000000000000000001000000000000000000200001010
0000000001000000000000000010010000000000000000110000000000000110000000000000000000100000000200000000
0000000000000000000100000000000000001001000000000000000011000000000000011000000000000000002010000000
0001000000000000000000000000010000000000000000100100000000000000001100000000000001100000002000000000
0000000000000100000000000000000000000001000000000000000010010000000000000000110000000000002110000000
0000000000000000000000010000000000000000000000000100000000000000001001000000000000000011002000000000
0000000000000000000000000000000001000000000000000000000000010000000000000000100100000000002000001100
0000000000000000000000000000000000000000000100000000000000000000000001000000000000000010012000000000
0000000000000000000000000000000000000000000000000000010000000000000000000000000100000000002000001001
0000000000000000000000000000000000000000000000000000000000000001000000000000000000000000012000000000
0000000000000000000000000000000000000000000000000000000000000000000000000100000000000000002000000001
0000000000000000000000000000000000000000000000000000000000000000000000000000000000010000002000000000
0000000000000000000000000000000000000000000000000000000000000000000000000000000000000000002001000000
0010000000000000000000000000000000000000000000000000000000000000000000000000000000000000002000000000
0000000000001000000000000000000000000000000000000000000000000000000000000000000000000000002000000000
0000000000000000000000100000000000000000000000000000000000000000000000000000000000000000002000000000
0000000000000000000000000000000010000000000000000000000000000000000000000000000000000000002000000000
0100010100000000000000000000000000000000001000000000000000000000000000000000000000000000002000000000
0000000000010001010000000000000000000000000000000000100000000000000000000000000000000000002000000000
0000100000000000000001000101000000000000000000000000000000000010000000000000000000000000002000000000
0000000000000010000000000000000100010100000000000000000000000000000000001000000000000000002000000000
0000010000000000000000001000000000000000010001010000000000000000000000000000000000100000002000000000
0000000000000001000000000000000000100000000000000001000101000000000000000000000000000000002010000000
0010001000000000000000000100000000000000000010000000000000000100010100000000000000000000002000000000
0000000000001000100000000000000000010000000000000000001000000000000000010001010000000000002000000000
0000010100000000000000100010000000000000000001000000000000000000100000000000000001000101002000000000
0000000000000001010000000000000010001000000000000000000100000000000000000010000000000000002100010100
0000010000000000000000000101000000000000001000100000000000000000010000000000000000001000002000000000
0000000000000001000000000000000000010100000000000000100010000000000000000001000000000000002000100000
0001000100000000000000000100000000000000000001010000000000000010001000000000000000000100002000000000
0000000000000100010000000000000000010000000000000000000101000000000000001000100000000000002000010000
1001010000000000000000010001000000000000000001000000000000000000010100000000000000100010002000000000
0000000000100101000000000000000001000100000000000000000100000000000000000001010000000000002010001000
0000000000000000000010010100000000000000000100010000000000000000010000000000000000000101002000000000
0000000000000000000000000000001001010000000000000000010001000000000000000001000000000000002000010100
0010010000000000000000000000000000000000100101000000000000000001000100000000000000000100002000000000
0000000000001001000000000000000000000000000000000010010100000000000000000100010000000000002000010000
0000010000000000000000100100000000000000000000000000000000001001010000000000000000010001002000000000
0000000000000001000000000000000010010000000000000000000000000000000000100101000000000000000201000100
0000001000000000000000000100000000000000001001000000000000000000000000000000000010010100000200000000
0000000000000000100000000000000000010000000000000000100100000000000000000000000000000000001201010000
0000001000000000000000000010000000000000000001000000000000000010010000000000000000000000000200000000
0000000000000000100000000000000000001000000000000000000100000000000000001001000000000000000200000000
0000000000000000000000000010000000000000000000100000000000000000010000000000000000100100000200000000
0000000000000000000000000000000000001000000000000000000010000000000000000001000000000000000210010000
0000100010000000000000000000000000000000000000100000000000000000001000000000000000000100000200000000
0000000000000010001000000000000000000000000000000000000010000000000000000000100000000000000200010000
0000100000000000000000001000100000000000000000000000000000000000001000000000000000000010000200000000
0000000000000010000000000000000000100010000000000000000000000000000000000000100000000000000200001000
1000000000000000000000001000000000000000000010001000000000000000000000000000000000000010000200000000
0000000000100000000000000000000000100000000000000000001000100000000000000000000000000000000200001000
0001001000000000000010000000000000000000000010000000000000000000100010000000000000000000000200000000
0000000000000100100000000000001000000000000000000000001000000000000000000010001000000000000200000000
0000000000000000000000010010000000000000100000000000000000000000100000000000000000001000100200000000
0000000000000000000000000000000001001000000000000010000000000000000000000010000000000000000200100010
0000001001000000000000000000000000000000000100100000000000001000000000000000000000001000000200000000
0000000000000000100100000000000000000000000000000000010010000000000000100000000000000000000200100000
0000010010000000000000000010010000000000000000000000000000000001001000000000000010000000000200000000
0000000000000001001000000000000000001001000000000000000000000000000000000100100000000000001200000000
0000000001000000000000000100100000000000000000100100000000000000000000000000000000010010000200000000
0000000000000000000100000000000000010010000000000000000010010000000000000000000000000000000201001000
0000001000000000000000000000010000000000000001001000000000000000001001000000000000000000000200000000
0000000000000000100000000000000000000001000000000000000100100000000000000000100100000000000200000000
0000000000000000000000000010000000000000000000000100000000000000010010000000000000000010010200000000
0000000000000000000000000000000000001000000000000000000000010000000000000001001000000000000200001001
0000000000000000000000000000000000000000000000100000000000000000000001000000000000000100100200000000
0000000000000000000000000000000000000000000000000000000010000000000000000000000100000000000200010010
0000000000000000000000000000000000000000000000000000000000000000001000000000000000000000010200000000
0000000000000000000000000000000000000000000000000000000000000000000000000000100000000000000200000001
0000000000000000000000000000000000000000000000000000000000000000000000000000000000000010000200000000
0000000000000000000000000000000000000000000000000000000000000000000000000000000000000000000200001000
1000100000000000000000000000000000000000000000000000000000000000000000000000000000000000000200000000
0000000000100010000000000000000000000000000000000000000000000000000000000000000000000000000200000000
0000000000000000000010001000000000000000000000000000000000000000000000000000000000000000000200000000
0000000000000000000000000000001000100000000000000000000000000000000000000000000000000000000200000000
0000100001000000000000000000000000000000100010000000000000000000000000000000000000000000000200000000
0000000000000010000100000000000000000000000000000010001000000000000000000000000000000000000200000000
0010000001000000000000001000010000000000000000000000000000001000100000000000000000000000000200000000
0000000000001000000100000000000000100001000000000000000000000000000000100010000000000000000200000000
0000000001000000000000100000010000000000000010000100000000000000000000000000000010001000000200000000
0000000000000000000100000000000010000001000000000000001000010000000000000000000000000000001200100000
0000000000000000000000000000010000000000001000000100000000000000100001000000000000000000000200000000
0000000000000000000000000000000000000001000000000000100000010000000000000010000100000000000200000000
0000000000000000000000000000000000000000000000000100000000000010000001000000000000001000010200000000
0000000000000000000000000000000000000000000000000000000000010000000000001000000100000000000200100001
0010000100000000000000000000000000000000000000000000000000000000000001000000000000100000010200000000
0000000000001000010000000000000000000000000000000000000000000000000000000000000100000000000210000001
0100000000000000000000100001000000000000000000000000000000000000000000000000000000000000010200000000
0000000000010000000000000000000010000100000000000000000000000000000000000000000000000000000200000001
1000000001000000000001000000000000000000001000010000000000000000000000000000000000000000000200000000
0000000000100000000100000000000100000000000000000000100001000000000000000000000000000000000200000000
0000000000000000000010000000010000000000010000000000000000000010000100000000000000000000000200000000
0000000000000000000000000000001000000001000000000001000000000000000000001000010000000000000200000000
0000000000000000000000000000000000000000100000000100000000000100000000000000000000100001000200000000
0000000000000000000000000000000000000000000000000010000000010000000000010000000000000000002010000100
0000000100000000000000000000000000000000000000000000000000001000000001000000000001000000002000000000
0000000000000000010000000000000000000000000000000000000000000000000000100000000100000000000200000000
0100000000000000000000000001000000000000000000000000000000000000000000000000000010000000010200000000
0000000000010000000000000000000000000100000000000000000000000000000000000000000000000000001200000001
0100000000000000000001000000000000000000000000010000000000000000000000000000000000000000000200000000
0000000000010000000000000000000100000000000000000000000001000000000000000000000000000000000200000000
0000000000000000000001000000000000000000010000000000000000000000000100000000000000000000000200000000
0000000000000000000000000000000100000000000000000001000000000000000000000000010000000000000200000000
0000011000000000000000000000000000000000010000000000000000000100000000000000000000000001000200000000
0000000000000001100000000000000000000000000000000001000000000000000000010000000000000000002000000100
1101000100000000000000000110000000000000000000000000000000000100000000000000000001000000002000000000
0000000000110100010000000000000000011000000000000000000000000000000000010000000000000000002100000000
0001000000000000000011010001000000000000000001100000000000000000000000000000000001000000002000000000
0000000000000100000000000000001101000100000000000000000110000000000000000000000000000000002100000000
0010000000000000000000010000000000000000110100010000000000000000011000000000000000000000002000000000
0000000000001000000000000000000001000000000000000011010001000000000000000001100000000000002000000000
0000100000000000000000100000000000000000000100000000000000001101000100000000000000000110002000000000
0000000000000010000000000000000010000000000000000000010000000000000000110100010000000000000020011000
0010010000000000000000001000000000000000001000000000000000000001000000000000000011010001000020000000
0000000000001001000000000000000000100000000000000000100000000000000000000100000000000000001121000100
0000000101000000000000100100000000000000000010000000000000000010000000000000000000010000000020000000
0000000000000000010100000000000010010000000000000000001000000000000000001000000000000000000201000000
0001001000000000000000000001010000000000001001000000000000000000100000000000000000100000000200000000
0000000000000100100000000000000000000101000000000000100100000000000000000010000000000000000210000000
0000000000000000000000010010000000000000000000010100000000000010010000000000000000001000000200000000
0000000000000000000000000000000001001000000000000000000001010000000000001001000000000000000200100000
0000100000000000000000000000000000000000000100100000000000000000000101000000000000100100000200000000
0000000000000010000000000000000000000000000000000000010010000000000000000000010100000000000210010000
0100000000000000000000001000000000000000000000000000000000000001001000000000000000000001010200000000
0000000000010000000000000000000000100000000000000000000000000000000000000100100000000000000200000101
0000000000000000000001000000000000000000000010000000000000000000000000000000000000010010000200000000
0000000000000000000000000000000100000000000000000000001000000000000000000000000000000000000201001000
0010100000000000000000000000000000000000010000000000000000000000100000000000000000000000000200000000
0000000000001010000000000000000000000000000000000001000000000000000000000010000000000000000200000000
0000011000000000000000101000000000000000000000000000000000000100000000000000000000001000000200000000
0000000000000001100000000000000010100000000000000000000000000000000000010000000000000000002000100000
0000000000000000000000000110000000000000001010000000000000000000000000000000000001000000002000000000
0000000000000000000000000000000000011000000000000000101000000000000000000000000000000000002100000000
0000000010000000000000000000000000000000000001100000000000000010100000000000000000000000002000000000
0000000000000000001000000000000000000000000000000000000110000000000000001010000000000000002000000000
0001010001000000000000000000100000000000000000000000000000000000011000000000000000101000002000000000
0000000000000101000100000000000000000010000000000000000000000000000000000001100000000000002010100000
0100000000000000000000010100010000000000000000001000000000000000000000000000000000000110002000000000
0000000000010000000000000000000001010001000000000000000000100000000000000000000000000000002000011000
0100000000000000000001000000000000000000000101000100000000000000000010000000000000000000002000000000
0000000000010000000000000000000100000000000000000000010100010000000000000000001000000000002000000000
0000001010000000000001000000000000000000010000000000000000000001010001000000000000000000102000000000
0000000000000000101000000000000100000000000000000001000000000000000000000101000100000000002000000010
0000000000000000000000000010100000000000010000000000000000000100000000000000000000010100012000000000
0000000000000000000000000000000000001010000000000001000000000000000000010000000000000000002001010001
0000000000000000000000000000000000000000000000101000000000000100000000000000000001000000002000000000
0000000000000000000000000000000000000000000000000000000010100000000000010000000000000000002100000000
0000001010000000000000000000000000000000000000000000000000000000001010000000000001000000002000000000
0000000000000000101000000000000000000000000000000000000000000000000000000000101000000000002100000000
0100000000000000000000000010100000000000000000000000000000000000000000000000000000000010102000000000
0000000000010000000000000000000000001010000000000000000000000000000000000000000000000000002000001010
0000010000000000000001000000000000000000000000101000000000000000000000000000000000000000002000000000
0000000000000001000000000000000100000000000000000000000010100000000000000000000000000000002000000000
0000000000000000000000000100000000000000010000000000000000000000001010000000000000000000002000000000
0000000000000000000000000000000000010000000000000001000000000000000000000000101000000000002000000000
0000101101000000000000000000000000000000000001000000000000000100000000000000000000000010102000000000
0000000000000010110100000000000000000000000000000000000100000000000000010000000000000000002000001010
0000000000000000000000001011010000000000000000000000000000000000010000000000000001000000002000000000
0000000000000000000000000000000000101101000000000000000000000000000000000001000000000000002100000000
0010000010000000000000000000000000000000000010110100000000000000000000000000000000000100002000000000
0000000000001000001000000000000000000000000000000000001011010000000000000000000000000000002000010000
0000000000000000000000100000100000000000000000000000000000000000101101000000000000000000002000000000
0000000000000000000000000000000010000010000000000000000000000000000000000010110100000000002000000000
0000000000000000000000000000000000000000001000001000000000000000000000000000000000001011012000000000
0000000000000000000000000000000000000000000000000000100000100000000000000000000000000000002000101101
1000000000000000000000000000000000000000000000000000000000000010000010000000000000000000002000000000
0000000000100000000000000000000000000000000000000000000000000000000000001000001000000000002000000000
0000000000000000000010000000000000000000000000000000000000000000000000000000000000100000102000000000
0000000000000000000000000000001000000000000000000000000000000000000000000000000000000000002010000010
0000000000000000000000000000000000000000100000000000000000000000000000000000000000000000002000000000
0000000000000000000000000000000000000000000000000010000000000000000000000000000000000000002000000000
0000100000000000000000000000000000000000000000000000000000001000000000000000000000000000002000000000
0000000000000010000000000000000000000000000000000000000000000000000000100000000000000000000200000000
0001000000000000000000001000000000000000000000000000000000000000000000000000000010000000000200000000
0000000000000100000000000000000000100000000000000000000000000000000000000000000000000000001200000000
0000000010000000000000010000000000000000000010000000000000000000000000000000000000000000000200000000
0000000000000000001000000000000001000000000000000000001000000000000000000000000000000000000200000000
0001000010000000000000000000100000000000000100000000000000000000100000000000000000000000000200000000
0000000000000100001000000000000000000010000000000000010000000000000000000010000000000000000200000000
0000000000000000000000010000100000000000000000001000000000000001000000000000000000001000000200000000
0000000000000000000000000000000001000010000000000000000000100000000000000100000000000000000200100000
0000000000000000000000000000000000000000000100001000000000000000000010000000000000010000000200000000
0000000000000000000000000000000000000000000000000000010000100000000000000000001000000000000201000000
0000001000000000000000000000000000000000000000000000000000000001000010000000000000000000100200000000
0000000000000000100000000000000000000000000000000000000000000000000000000100001000000000000200000010
0100000000000000000000000010000000000000000000000000000000000000000000000000000000010000100200000000
0000000000010000000000000000000000001000000000000000000000000000000000000000000000000000000201000010
0001100000000000000001000000000000000000000000100000000000000000000000000000000000000000000200000000
0000000000000110000000000000000100000000000000000000000010000000000000000000000000000000000200000000
0010001000000000000000011000000000000000010000000000000000000000001000000000000000000000000200000000
0000000000001000100000000000000001100000000000000001000000000000000000000000100000000000000200000000
0000000000000000000000100010000000000000000110000000000000000100000000000000000000000010000200000000
0000000000000000000000000000000010001000000000000000011000000000000000010000000000000000002000001000
0000110000000000000000000000000000000000001000100000000000000001100000000000000001000000002000000000
0000000000000011000000000000000000000000000000000000100010000000000000000110000000000000002100000000
0000010000000000000000001100000000000000000000000000000000000010001000000000000000011000002000000000
0000000000000001000000000000000000110000000000000000000000000000000000001000100000000000002001100000
0000001000000000000000000100000000000000000011000000000000000000000000000000000000100010002000000000
0000000000000000100000000000000000010000000000000000001100000000000000000000000000000000002010001000
0101011000000000000000000010000000000000000001000000000000000000110000000000000000000000002000000000
0000000000010101100000000000000000001000000000000000000100000000000000000011000000000000002000000000
0000000001000000000001010110000000000000000000100000000000000000010000000000000000001100002000000000
0000000000000000000100000000000101011000000000000000000010000000000000000001000000000000002000110000
0000000000000000000000000000010000000000010101100000000000000000001000000000000000000100002000000000
0000000000000000000000000000000000000001000000000001010110000000000000000000100000000000002000010000
0000010000000000000000000000000000000000000000000100000000000101011000000000000000000010002000000000
0000000000000001000000000000000000000000000000000000000000010000000000010101100000000000002000001000
0000000100000000000000000100000000000000000000000000000000000000000001000000000001010110002000000000
0000000000000000010000000000000000010000000000000000000000000000000000000000000100000000002101011000
0010000000000000000000000001000000000000000001000000000000000000000000000000000000000000012000000000
0000000000001000000000000000000000000100000000000000000100000000000000000000000000000000002000000001
0000000000000000000000100000000000000000000000010000000000000000010000000000000000000000002000000000
0000000000000000000000000000000010000000000000000000000001000000000000000001000000000000002000000000
0000000000000000000000000000000000000000001000000000000000000000000100000000000000000100002000000000
0000000000000000000000000000000000000000000000000000100000000000000000000000010000000000002000010000
0000000010000000000000000000000000000000000000000000000000000010000000000000000000000001002000000000
0000000000000000001000000000000000000000000000000000000000000000000000001000000000000000002000000100
