Incast on Client
8081 8082 8083
16	5.85369	0.00368796
5	5.85479	0.00478918
18	5.85602	0.00601696
8	6.7544	0.00439798
14	6.75476	0.00476157
3	7.65747	0.00746599
6	7.65895	0.00895078
14	8.50279	0.00279297
16	8.50336	0.00335616
17	8.5041	0.00410436
15	8.50665	0.00664516
10	8.5076	0.00759717
6	9.4015	0.00150018
17	9.4034	0.00340176
3	10.201	0.00101539
7	10.2042	0.00422896
2	10.2045	0.00445556
12	10.2096	0.00958837
3	11.051	0.00101539
15	11.0534	0.00343257
13	11.0544	0.00437196
5	11.8513	0.00133859
8	11.852	0.00199338
13	11.8529	0.00291437
14	11.8532	0.00321697
2	12.6509	0.000853792
5	12.6519	0.00190759
6	12.6523	0.00228118
15	12.6539	0.00387057
5	13.4013	0.00133859
10	13.4023	0.00229558
14	13.4031	0.00310197
2	14.1509	0.000853792
5	14.9013	0.00133859
8	14.9019	0.00194738
13	14.9029	0.00292437
4	14.905	0.00499658
16	15.6531	0.00311616
0	15.656	0.00598119
10	16.3521	0.00214658
12	16.3526	0.00264977
14	16.3531	0.00311397
0	17.0505	0.000530596
3	17.0511	0.00114439
14	17.0544	0.00444979
1	17.0548	0.00477979
2	17.7509	0.000853792
7	18.4017	0.00166178
12	18.4026	0.00263677
9	18.4066	0.00660257
8	19.0518	0.00182338
5	20.3513	0.00133859
13	20.3528	0.00275237
17	20.3536	0.00361276
0	20.9505	0.000530596
2	20.9511	0.00109379
4	20.9515	0.00154799
5	20.9519	0.00188259
17	20.9539	0.00392976
11	20.9554	0.00541077
0	21.5505	0.000530596
3	21.5512	0.00119139
11	21.5527	0.00267817
3	21.601	0.00101539
7	22.1517	0.00166178
9	22.1521	0.00214998
18	22.1537	0.00372136
1	22.7507	0.000692194
9	23.302	0.00198498
17	23.3034	0.00344976
2	23.8509	0.000853792
9	23.8521	0.00214698
11	23.8526	0.00264617
15	23.8535	0.00348957
16	24.1531	0.00311616
2	24.4009	0.000853792
14	24.4029	0.00293597
16	24.4034	0.00337416
4	24.9512	0.00117699
10	24.9524	0.00241658
11	24.9527	0.00272717
1	25.5007	0.000692194
3	25.5012	0.00122939
11	25.5026	0.00262817
0	26.0005	0.000530596
4	26.0013	0.00133099
12	26.0028	0.00280677
14	26.0033	0.00327597
11	26.5023	0.00230817
12	26.5027	0.00267577
12	26.5525	0.00246977
3	27.001	0.00101539
5	27.0015	0.00151259
14	27.0031	0.00311697
0	27.5005	0.000530596
5	27.5015	0.00145059
10	27.5026	0.00257558
15	27.5036	0.00361257
1	28.4507	0.000692194
4	28.4513	0.00131299
5	28.4517	0.00171459
13	28.4531	0.00312037
16	28.4538	0.00382016
3	28.901	0.00101539
12	28.9026	0.00261777
1	29.8007	0.000692194
2	29.801	0.000989792
11	29.8026	0.00257417
11	29.8523	0.00230817
10	30.2521	0.00214658
13	30.2528	0.00279637
14	30.2531	0.00306697
7	30.6517	0.00166178
14	30.6529	0.00292597
18	30.6537	0.00373636
6	31.0515	0.00150018
7	31.052	0.00196078
13	31.0531	0.00310037
16	31.0538	0.00375216
5	31.2513	0.00133859
GAME OVER at 31.3
2	31.4509	0.000853792
13	31.4526	0.00264877
1	31.8507	0.000692194
6	31.8514	0.00144859
7	31.8518	0.00178818
10	31.8525	0.00247098
12	31.8529	0.00293217
1	32.2507	0.000692194
2	32.251	0.000972792
7	32.2518	0.00178118
10	32.2524	0.00239998
18	32.2538	0.00381376
3	32.651	0.00101539
9	32.652	0.00197238
13	32.6529	0.00287477
0	33.0005	0.000530596
3	33.0013	0.00126039
7	33.0019	0.00191918
0	33.4005	0.000530596
8	33.4018	0.00179278
15	33.4031	0.00308997
16	33.4034	0.00340757
11	33.7521	0.00214658
13	33.7528	0.00279877
0	34.4505	0.000530596
14	34.4528	0.00277237
10	34.802	0.00198498
7	35.1015	0.00150018
10	35.1021	0.00209998
12	35.1027	0.00273617
1	35.4507	0.000692194
6	35.4515	0.00150059
8	35.452	0.00197178
1	35.7507	0.000692194
9	35.752	0.00203838
12	35.7527	0.00265817
16	35.7535	0.00347857
17	35.7538	0.00377516
0	36.1005	0.000530596
12	36.4023	0.00230817
3	36.701	0.00101539
15	36.7029	0.00289797
18	36.7035	0.00352576
0	37.0005	0.000530596
1	37.0009	0.000851194
9	37.0022	0.00215038
0	37.2505	0.000530596
4	37.2513	0.00130899
9	37.2521	0.00210838
12	37.2528	0.00275617
16	37.2535	0.00354257
1	37.5507	0.000692194
2	37.5511	0.00112479
8	37.5521	0.00205678
12	37.5529	0.00294017
2	37.8509	0.000853792
16	37.8532	0.00324357
17	37.8535	0.00354616
16	37.903	0.00295457
2	38.1009	0.000853792
3	38.1012	0.00115139
9	38.1021	0.00206738
15	38.1032	0.00320397
2	38.1509	0.000853792
10	38.352	0.00198498
11	38.3523	0.00228358
16	38.3532	0.00324657
12	38.6523	0.00230817
0	38.9005	0.000530596
7	38.9017	0.00166418
14	38.903	0.00297037
4	39.1512	0.00117699
11	39.1527	0.00265058
15	39.1534	0.00341097
17	39.1539	0.00389316
1	39.4007	0.000692194
6	39.6013	0.00133859
13	39.6026	0.00264177
1	39.8507	0.000692194
7	39.8517	0.00168218
10	39.8528	0.00276398
17	39.8541	0.00413916
18	39.8545	0.00445576
15	40.1028	0.00279297
4	40.2012	0.00117699
4	40.2512	0.00117699
4	40.3012	0.00117699
4	40.5512	0.00117699
8	40.552	0.00195078
10	40.5524	0.00238098
12	40.5529	0.00293717
8	40.7517	0.00166178
13	40.7527	0.00267277
0	41.0005	0.000530596
16	41.0031	0.00311157
17	41.0034	0.00340316
18	41.0038	0.00375376
3	41.201	0.00101539
8	41.2019	0.00191178
9	41.2022	0.00218238
13	41.203	0.00302977
9	41.4018	0.00182338
13	41.4027	0.00267277
15	41.4033	0.00328497
16	41.4037	0.00374657
15	41.4528	0.00279297
0	41.8005	0.000530596
3	41.8012	0.00121039
18	41.8036	0.00361576
1	42.0007	0.000692194
8	42.0018	0.00178878
13	42.0028	0.00283277
13	42.2025	0.00246977
1	42.3507	0.000692194
10	42.3521	0.00212398
10	42.552	0.00198498
12	42.5525	0.00245917
13	42.5528	0.00275477
15	42.5532	0.00322097
18	42.5538	0.00383376
4	42.7012	0.00117699
6	42.7015	0.00146159
9	42.7021	0.00213838
2	42.8009	0.000853792
0	42.9005	0.000530596
2	42.901	0.000971792
4	42.9014	0.00142999
3	43.101	0.00101539
6	43.1015	0.00147559
7	43.1018	0.00178918
17	43.1036	0.00357816
9	43.2518	0.00182338
16	43.2531	0.00309557
0	43.4005	0.000530596
3	43.4012	0.00117139
6	43.4016	0.00160559
14	43.403	0.00300437
7	43.5515	0.00150018
9	43.552	0.00195538
15	43.5531	0.00305297
17	43.5535	0.00348816
7	43.6015	0.00150018
9	43.7018	0.00182338
12	43.7025	0.00249017
14	43.7029	0.00293537
4	43.9012	0.00117699
10	43.9021	0.00210498
15	43.9031	0.00306597
17	43.9035	0.00353416
GAME OVER at 43.95
7	44.0515	0.00150018
10	44.0523	0.00227098
8	44.2017	0.00166178
10	44.2021	0.00211098
12	44.2026	0.00260017
GAME OVER at 44.4
18	44.453	0.00295457
2	44.6007	0.000692194
13	44.6024	0.00244117
18	44.6033	0.00330057
6	44.7512	0.00117699
18	44.7531	0.00307857
4	44.901	0.00101539
16	44.9031	0.00307997
9	45.0017	0.00166178
12	45.0024	0.00239958
2	45.1507	0.000692194
10	45.1519	0.00193738
14	45.1528	0.00282677
15	45.1533	0.00325037
6	45.2512	0.00117699
14	45.2526	0.00263677
16	45.2531	0.00310897
6	45.4012	0.00117699
7	45.5013	0.00133859
11	45.5021	0.00209098
2	45.6007	0.000692194
4	45.6012	0.00119039
9	45.602	0.00199678
10	45.7518	0.00182338
14	45.7526	0.00257477
8	45.8515	0.00150018
13	45.8525	0.00245717
15	45.8531	0.00308137
18	45.8536	0.00359757
1	46.0005	0.000530596
14	46.0027	0.00265177
6	46.1012	0.00117699
11	46.1021	0.00212898
15	46.2026	0.00263137
1	46.3005	0.000530596
4	46.3011	0.00112339
8	46.3019	0.00187318
10	46.3024	0.00236638
18	46.3037	0.00365557
GAME OVER at 46.35
7	46.4012	0.00117699
9	46.4016	0.00163018
14	46.4025	0.00254817
8	46.6013	0.00133859
1	46.7005	0.000530596
9	46.7016	0.00164718
11	46.7022	0.00215238
16	46.7031	0.00311837
GAME OVER at 46.75
GAME OVER at 46.75
11	46.9017	0.00166178
12	46.9022	0.00217538
15	46.9028	0.00276517
2	47.0007	0.000692194
3	47.1009	0.000853792
12	47.102	0.00196238
13	47.1024	0.00243898
GAME OVER at 47.15
13	47.3018	0.00182338
18	47.4023	0.00230817
3	47.5009	0.000853792
13	47.502	0.00200638
14	47.602	0.00198498
1	47.7005	0.000530596
11	47.7017	0.00166718
12	47.702	0.00196978
14	47.7024	0.00244798
7	47.8012	0.00117699
12	47.8018	0.00178878
12	47.9017	0.00166178
1	48.0005	0.000530596
14	48.0022	0.00221998
10	48.2013	0.00133859
12	48.2019	0.00185178
18	48.2026	0.00260717
1	48.4005	0.000530596
13	48.402	0.00195538
2	48.5007	0.000692194
15	48.6021	0.00214658
15	48.7021	0.00214658
12	48.8017	0.00166178
15	48.8023	0.00225158
7	48.9012	0.00117699
11	48.9017	0.00165418
7	49.0012	0.00117699
11	49.0016	0.00160718
1	49.1005	0.000530596
6	49.201	0.00101539
14	49.2021	0.00212298
7	49.4012	0.00117699
14	49.4021	0.00213898
14	49.502	0.00198498
10	49.6013	0.00133859
18	49.6024	0.00241917
2	49.7007	0.000692194
14	49.7023	0.00227798
2	49.8007	0.000692194
11	49.8016	0.00163218
GAME OVER at 49.85
3	49.9009	0.000853792
6	49.9012	0.00121939
18	50.0021	0.00214658
1	50.1005	0.000530596
18	50.1023	0.00228858
1	50.2005	0.000530596
7	50.2013	0.00130999
13	50.202	0.00197578
7	50.3012	0.00117699
15	50.3022	0.00215398
7	50.4012	0.00117699
15	50.602	0.00198498
6	50.701	0.00101539
7	50.8012	0.00117699
13	50.8018	0.00178478
7	50.9012	0.00117699
18	51.0021	0.00214658
12	51.1015	0.00150018
15	51.1021	0.00212098
18	51.1025	0.00245658
3	51.2009	0.000853792
10	51.2016	0.00155159
15	51.2023	0.00232298
6	51.301	0.00101539
6	51.401	0.00101539
GAME OVER at 51.45
1	51.5005	0.000530596
13	51.5016	0.00160818
1	51.6005	0.000530596
13	51.6017	0.00165418
1	51.8005	0.000530596
2	51.8009	0.000949194
18	51.902	0.00198498
15	52.1018	0.00182338
GAME OVER at 52.15
1	52.2005	0.000530596
7	52.2012	0.00115039
14	52.2021	0.00213678
3	52.4009	0.000853792
13	52.4016	0.00160518
14	52.402	0.00196378
3	52.5009	0.000853792
14	52.5019	0.00189378
18	52.5022	0.00222938
3	52.6009	0.000853792
10	52.6014	0.00136799
18	52.6022	0.00217338
2	52.7007	0.000692194
10	52.7015	0.00148899
18	52.7023	0.00228638
12	52.8013	0.00133859
3	52.9009	0.000853792
10	52.9013	0.00130199
18	53.1018	0.00182338
7	53.201	0.00101539
18	53.202	0.00199638
2	53.3007	0.000692194
18	53.3021	0.00214938
1	53.4005	0.000530596
13	53.4016	0.00164918
1	53.6005	0.000530596
7	53.6012	0.00118639
18	53.6022	0.00216038
GAME OVER at 53.65
1	53.7005	0.000530596
10	53.7012	0.00115939
18	53.702	0.00196278
10	53.901	0.00101539
13	53.9015	0.00148659
1	54.1005	0.000530596
14	54.2015	0.00150018
GAME OVER at 54.25
1	54.3005	0.000530596
GAME OVER at 54.35
3	54.4007	0.000692194
10	54.4011	0.00110479
10	54.6009	0.000853792
13	54.7012	0.00117699
10	54.8009	0.000853792
18	54.8015	0.00153959
