11.902	0.00200936
14.902	0.00200936
28.002	0.00200936
28.902	0.00200936
30.302	0.00200936
31.102	0.00200936
33.402	0.00200936
36.702	0.00200936
37.602	0.00200936
38.102	0.00200936
38.402	0.00200936
38.702	0.00200936
40.302	0.00200936
41.402	0.00200936
46.402	0.00200936
48.002	0.00200936
48.602	0.00200936
49.002	0.00200936
51.102	0.00200936
51.202	0.00200936
51.402	0.00200936
53.602	0.00200936
54.402	0.00200936
54.602	0.00200936
57.202	0.00200936
57.602	0.00200936
58.002	0.00200936
58.402	0.00200936
61.002	0.00200936
62.802	0.00200936
65.002	0.00200936
65.402	0.00200936
66.002	0.00200936
68.002	0.00200936
72.602	0.00200936
75.002	0.00200936
76.202	0.00200936
