10.2009	0.000873012
18.4003	0.000250006
19.7002	0.000232006
23.9002	0.000241006
25.0003	0.000322006
29.4003	0.000313006
33.0003	0.000277006
34.1003	0.000286006
34.5003	0.000259006
35.1003	0.000304006
36.7003	0.000304006
38.1002	0.000187006
39.6002	0.000205006
40.1002	0.000196006
40.3002	0.000196006
41.6002	0.000196006
44.8003	0.000250006
45.8002	0.000214006
46.4003	0.000304006
46.6002	0.000241006
50.6002	0.000205006
54.0003	0.000313006
55.8002	0.000187006
57.0003	0.000268006
58.6002	0.000196006
58.8003	0.000250006
59.8002	0.000241006
60.4003	0.000277006
61.4003	0.000295006
64.2002	0.000232006
65.2003	0.000277006
65.6003	0.000277006
69.0003	0.000259006
69.4002	0.000196006
69.6003	0.000286006
71.6003	0.000250006
76.0003	0.000322006
76.6002	0.000223006
76.8003	0.000250006
79.4003	0.000250006
